# the best
# {distortion_coefficients: [[-0.0646239363494323, 0.6031457716626705, 0.0, 0.0, 0.0]],
#   intrinsic: [[3463.7571108225097, 0.0, 1552.7302439021628], [0.0, 3464.347511178709,
#       1053.4639691217114], [0.0, 0.0, 1.0]], extrinsic: [[-0.9998749219335161, -0.011304143817344235,
#       -0.011061501751654728, 0.0005917528196267173], [0.011176856838903204, -0.9998713809601671,
#       0.011502147973791533, 0.11057159340206316], [-0.011190100966824433, 0.011377076485861037,
#       0.9998726637782369, 0.010114264092296005], [0.0, 0.0, 0.0, 1.0]]}
# new biaoding zhijia
# {distortion_coefficients: [[-0.04773916924527356, 0.18715042580659652, 0.0, 0.0, 0.0]],
#   intrinsic: [[3470.0398963310413, 0.0, 1547.7253839520206], [0.0, 3470.0346373383027,
#       1055.4366019153222], [0.0, 0.0, 1.0]], extrinsic: [[-0.999913632817613, -0.011219888038573047,
#       -0.006844049816122268, 0.0007695257531234595], [0.011370507447654556, -0.9996848630116846,
#       -0.022380487610688345, 0.10942367128150376], [-0.0065907864376347405, -0.0224563749904393,
#       0.9997260988672956, 0.011597587033252501], [0.0, 0.0, 0.0, 1.0]],T_gripper1to2: [[0.9999446664253737, 0.007991804808942342, -0.006840697577299084,
#       -0.0020293115375894285], [-0.008143064158020755, 0.9997164378658542, -0.02237709469359096,
#       0.10026679682003353], [0.00665992444151262, 0.022431560728209368, 0.9997261977610318,
#       0.2536361429254392], [0.0, 0.0, 0.0, 1.0]]}
# 理想手眼
# {distortion_coefficients: [[-0.04773916924527356, 0.18715042580659652, 0.0, 0.0, 0.0]],
#   intrinsic: [[3470.0398963310413, 0.0, 1547.7253839520206], [0.0, 3470.0346373383027,
#       1055.4366019153222], [0.0, 0.0, 1.0]], 
#       extrinsic: [[-1, 0,0, 0.0007695257531234595], [0, -1,0, 0.10042367128150376], [0, 0,1, 0.011597587033252501], [0.0, 0.0, 0.0, 1.0]],
#       T_gripper1to2: [[0.9999446664253737, 0.007991804808942342, -0.006840697577299084,
#       -0.0020293115375894285], [-0.008143064158020755, 0.9997164378658542, -0.02237709469359096,
#       0.10026679682003353], [0.00665992444151262, 0.022431560728209368, 0.9997261977610318,
#       0.2536361429254392], [0.0, 0.0, 0.0, 1.0]]}


{distortion_coefficients: [[-0.04773916924527356, 0.18715042580659652, 0.0, 0.0, 0.0]],
  intrinsic: [[3470.0398963310413, 0.0, 1547.7253839520206], [0.0, 3470.0346373383027,
      1055.4366019153222], [0.0, 0.0, 1.0]], 
      extrinsic: [[-1, 0,0, 0.0007695257531234595], [0, -1,0, 0.10042367128150376], [0, 0,1, 0.011597587033252501], [0.0, 0.0, 0.0, 1.0]],
      T_gripper1to2: [[0.9999986027477547, 0.001671633361910313, 1.2018409119613022e-05,
      -0.002014234959511193], [-0.0016716334897404206, 0.9999986027632206, 1.0634025331231709e-05,
      0.10010340781016014], [-1.2000616135534684e-05, -1.0654100847993683e-05, 0.999999999871238,
      0.2537478838646903], [0.0, 0.0, 0.0, 1.0]]}
# biaoding4
# {distortion_coefficients: [[-0.04843200621903073, 0.20296515803760723, 0.0, 0.0, 0.0]],
#   intrinsic: [[3464.9268141381326, 0.0, 1543.5861043663224], [0.0, 3465.099604745547,
#       1055.60441677476], [0.0, 0.0, 1.0]], extrinsic: [[-0.9998788251473074, -0.01357470169806389,
#       -0.007619875054672402, 0.0002491168610002396], [0.013511829151511851, -0.999874735188345,
#       0.008242839620983919, 0.11134612955602076], [-0.007730814641458682, 0.008138882346212475,
#       0.9999369945647243, 0.010054847525947335], [0.0, 0.0, 0.0, 1.0]]}
#biaoding4 trans
# {distortion_coefficients: [[-0.04735853140342274, 0.18919981800120478, 0.0, 0.0, 0.0]],
#   intrinsic: [[3465.051512161384, 0.0, 1543.695880921599], [0.0, 3465.1053072272,
#       1055.5611453468662], [0.0, 0.0, 1.0]], extrinsic: [[-0.9998732740518883, -0.01399546103334908,
#       -0.007587022289508261, 0.00021944617013506997], [0.013933025429289739, -0.9998691377851565,
#       0.008220590438306745, 0.11136106803715146], [-0.007701080388117833, 0.008113838501697106,
#       0.9999374275351556, 0.01000274194126852], [0.0, 0.0, 0.0, 1.0]]}
# biaoding3
# {distortion_coefficients: [[-0.048060700094942906, 0.19980704776717156, 0.0, 0.0,
#       0.0]], intrinsic: [[3464.228625353867, 0.0, 1545.0242363340567], [0.0, 3464.287156857202,
#       1055.605962156424], [0.0, 0.0, 1.0]], extrinsic: [[-0.9998137393894644, -0.01793094290113801,
#       -0.007139174653442367, -7.536099610682464e-05], [0.017877128134816705, -0.9998118229161126,
#       0.007531735975936822, 0.11164809672994387], [-0.007272882352105689, 0.007402705170139126,
#       0.9999461511193772, 0.009992094938032284], [0.0, 0.0, 0.0, 1.0]]}
# {distortion_coefficients: [[-0.047040390922122415, 0.18529355424338023, 0.0, 0.0,
#       0.0]], intrinsic: [[3465.4412965057363, 0.0, 1544.3006389916318], [0.0, 3465.3489785308534,
#       1055.3542913782283], [0.0, 0.0, 1.0]], extrinsic: [[-0.9997705023077252, -0.020234565864122117,
#       -0.007035983204168982, -9.150713689266366e-05], [0.02018147556159798, -0.9997679283750741,
#       0.007536407417949282, 0.11177127739100007], [-0.007186846284391192, 0.007392681306752071,
#       0.9999468473391879, 0.009833277157498772], [0.0, 0.0, 0.0, 1.0]]}
# {distortion_coefficients: [[-0.10395555318448385, 2.704630516240196, 0.0, 0.0, 0.0]],
#   intrinsic: [[3463.873002362855, 0.0, 1556.1908088479136], [0.0, 3464.3060268333907,
#       1054.0612694312877], [0.0, 0.0, 1.0]], extrinsic: [[-0.9998419777015586, -0.014534635460061078,
#       -0.010235428563529162, 0.000131687767166318], [0.01440528533767371, -0.999816849501818,
#       0.01259980978424818, 0.10998983882335614], [-0.010416687581768804, 0.012450374464335136,
#       0.9998682317163203, 0.010355683976097946], [0.0, 0.0, 0.0, 1.0]]}